18 0.44765625 0.38046875 0.01328125 0.02421875 
18 0.80703125 0.24453125 0.0140625 0.04453125 
18 0.8953125 0.36875 0.01015625 0.04921875 
18 0.675 0.440625 0.0109375 0.0234375 
18 0.76953125 0.25078125 0.01171875 0.04453125 
11 0.42734375 0.39609375 0.01953125 0.01171875 
11 0.47734375 0.39296875 0.01953125 0.0140625 
6 0.4265625 0.45 0.01171875 0.00703125 
17 0.54140625 0.44921875 0.00546875 0.0265625 
17 0.03671875 0.4734375 0.00859375 0.03046875 
18 0.07421875 0.34609375 0.00703125 0.021875 
6 0.47421875 0.45078125 0.01171875 0.00703125 
