18 0.67578125 0.44140625 0.009375 0.0203125 
18 0.44765625 0.38203125 0.01015625 0.01953125 
17 0.0359375 0.4734375 0.00859375 0.03046875 
17 0.5421875 0.4484375 0.0078125 0.0296875 
11 0.428125 0.3953125 0.01953125 0.0109375 
11 0.47734375 0.39296875 0.02109375 0.0109375 
19 0.42734375 0.4515625 0.00859375 0.00859375 
19 0.47421875 0.4515625 0.00859375 0.00859375 
18 0.89921875 0.36953125 0.01171875 0.05078125 
18 0.80859375 0.240625 0.01171875 0.04609375 
18 0.071875 0.34453125 0.0078125 0.0203125 
