18 0.44765625 0.38203125 0.0140625 0.028125 
18 0.80703125 0.2453125 0.01328125 0.0484375 
18 0.76875 0.25 0.01171875 0.04296875 
18 0.8953125 0.371875 0.0109375 0.04921875 
18 0.675 0.43984375 0.01171875 0.021875 
11 0.42734375 0.39453125 0.01953125 0.00859375 
11 0.47734375 0.39296875 0.01953125 0.00859375 
17 0.54140625 0.4484375 0.00546875 0.02578125 
19 0.7890625 0.26875 0.01953125 0.02109375 
19 0.81875 0.24609375 0.0203125 0.02578125 
19 0.42734375 0.4515625 0.01015625 0.00859375 
19 0.475 0.4515625 0.01015625 0.00859375 
