19 0.3234375 0.46015625 0.0046875 0.0203125 
18 0.50078125 0.4328125 0.00625 0.01171875 
18 0.26640625 0.45625 0.00625 0.01328125 
18 0.478125 0.40546875 0.00703125 0.0140625 
18 0.40703125 0.325 0.01875 0.03125 
18 0.4625 0.3890625 0.0078125 0.015625 
17 0.7921875 0.04453125 0.0625 0.0890625 
7 0.38203125 0.34921875 0.02734375 0.01796875 
7 0.43828125 0.3390625 0.028125 0.01953125 
19 0.44921875 0.4015625 0.01328125 0.009375 
19 0.47421875 0.39921875 0.0125 0.00859375 
17 0.78125 0.3703125 0.009375 0.03359375 
