18 0.890625 0.2484375 0.00625 0.0390625 
17 0.2484375 0.46875 0.00625 0.03515625 
19 0.87734375 0.26796875 0.01796875 0.0203125 
18 0.09609375 0.328125 0.00703125 0.03828125 
18 0.10078125 0.34375 0.00859375 0.0359375 
18 0.5421875 0.37421875 0.0140625 0.025 
18 0.58984375 0.471875 0.00703125 0.01171875 
6 0.47265625 0.3828125 0.02265625 0.01171875 
19 0.521875 0.3828125 0.02265625 0.01171875 
17 0.92890625 0.271875 0.03046875 0.121875 
17 0.61328125 0.4546875 0.00859375 0.03125 
19 0.6046875 0.453125 0.0078125 0.0296875 
17 0.11328125 0.48359375 0.01015625 0.03984375 
