19 0.98515625 0.24140625 0.0296875 0.1390625 
19 0.89375 0.26171875 0.02265625 0.01953125 
18 0.9109375 0.24140625 0.01328125 0.04375 
18 0.075 0.34765625 0.009375 0.03828125 
18 0.06875 0.33046875 0.009375 0.03828125 
18 0.53828125 0.37890625 0.01328125 0.02421875 
18 0.5875 0.47890625 0.00703125 0.01328125 
17 0.08984375 0.4921875 0.009375 0.03984375 
17 0.61328125 0.4625 0.00859375 0.0359375 
19 0.60390625 0.4609375 0.00859375 0.0359375 
19 0.23359375 0.47578125 0.00703125 0.03515625 
6 0.4671875 0.38828125 0.02421875 0.01328125 
