18 0.5953125 0.34921875 0.01640625 0.0265625 
18 0.64296875 0.46875 0.0109375 0.01796875 
18 0.6265625 0.4359375 0.009375 0.01640625 
17 0.87734375 0.3890625 0.0171875 0.07578125 
17 0.14375 0.35546875 0.0203125 0.08359375 
7 0.63359375 0.35546875 0.01953125 0.015625 
7 0.5703125 0.35703125 0.02265625 0.015625 
17 0.8484375 0.45546875 0.0078125 0.040625 
7 0.55234375 0.47890625 0.009375 0.00546875 
7 0.525 0.478125 0.009375 0.00859375 
19 0.3265625 0.34453125 0.01796875 0.0203125 
19 0.35625 0.36953125 0.01328125 0.01875 
18 0.34609375 0.3390625 0.009375 0.02890625 
18 0.26953125 0.41796875 0.00546875 0.0234375 
15 0.8171875 0.32421875 0.01484375 0.02421875 
18 0.3125 0.32578125 0.01015625 0.03046875 
18 0.315625 0.47578125 0.00703125 0.02421875 
