18 0.52265625 0.4625 0.00625 0.01171875 
18 0.4734375 0.40234375 0.01171875 0.02109375 
18 0.4828125 0.41640625 0.0125 0.02109375 
18 0.4515625 0.39453125 0.01015625 0.01875 
18 0.4390625 0.3953125 0.01015625 0.01875 
17 0.71953125 0.12890625 0.0578125 0.178125 
6 0.41875 0.41328125 0.01875 0.01328125 
7 0.03515625 0.40390625 0.0140625 0.01015625 
18 0.04609375 0.3953125 0.0078125 0.01875 
18 0.05234375 0.39609375 0.0078125 0.01640625 
15 0.76484375 0.28359375 0.01953125 0.025 
18 0.8171875 0.28046875 0.01015625 0.03203125 
18 0.81875 0.3140625 0.01015625 0.02578125 
18 0.84140625 0.37421875 0.01484375 0.034375 
17 0.2109375 0.48203125 0.00625 0.021875 
18 0.7890625 0.23046875 0.01328125 0.0390625 
17 0.6625 0.41640625 0.00703125 0.0203125 
