18 0.91953125 0.28203125 0.01640625 0.0390625 
18 0.96171875 0.2765625 0.0171875 0.040625 
18 0.09609375 0.34296875 0.0125 0.0296875 
7 0.94453125 0.2984375 0.0265625 0.02421875 
7 0.9015625 0.31640625 0.02421875 0.02421875 
17 0.790625 0.453125 0.00546875 0.034375 
7 0.07890625 0.35234375 0.021875 0.01796875 
7 0.1125 0.36640625 0.01796875 0.015625 
19 0.221875 0.46640625 0.00546875 0.03359375 
17 0.659375 0.4609375 0.00703125 0.03046875 
19 0.34140625 0.47421875 0.00390625 0.01640625 
6 0.50625 0.4046875 0.01796875 0.009375 
6 0.55234375 0.4046875 0.01953125 0.009375 
