18 0.3953125 0.4515625 0.01171875 0.02109375 
18 0.57421875 0.43359375 0.0125 0.02578125 
18 0.534375 0.3984375 0.00546875 0.0109375 
18 0.51171875 0.446875 0.0046875 0.01015625 
15 0.4 0.34765625 0.02265625 0.01015625 
15 0.42109375 0.41328125 0.01328125 0.00625 
18 0.36171875 0.40546875 0.00546875 0.01015625 
17 0.30546875 0.43359375 0.00390625 0.01875 
17 0.29375 0.43203125 0.00703125 0.021875 
18 0.81171875 0.1390625 0.03203125 0.0484375 
18 0.6265625 0.30625 0.01640625 0.028125 
18 0.6296875 0.428125 0.01640625 0.0296875 
15 0.4015625 0.2578125 0.02890625 0.015625 
8 0.45 0.3734375 0.01875 0.00703125 
8 0.48984375 0.3734375 0.01796875 0.00859375 
15 0.3171875 0.26875 0.02890625 0.015625 
7 0.475 0.4265625 0.00859375 0.0046875 
7 0.46796875 0.4515625 0.00625 0.00390625 
7 0.49765625 0.4265625 0.00859375 0.0046875 
