18 0.696875 0.42109375 0.01171875 0.02578125 
18 0.63359375 0.26171875 0.021875 0.03984375 
18 0.65625 0.34921875 0.0140625 0.02421875 
19 0.5546875 0.4109375 0.00703125 0.01328125 
18 0.51796875 0.26875 0.02265625 0.04140625 
18 0.48203125 0.265625 0.02578125 0.05625 
7 0.55703125 0.28046875 0.0375 0.015625 
7 0.44765625 0.2859375 0.03671875 0.0140625 
19 0.7234375 0.4 0.0109375 0.0515625 
19 0.4578125 0.465625 0.00546875 0.00390625 
19 0.46484375 0.46953125 0.00546875 0.003125 
19 0.45 0.47109375 0.00546875 0.003125 
