17 0.31328125 0.4625 0.00546875 0.02109375 
17 0.0859375 0.41640625 0.01171875 0.05 
19 0.16953125 0.42578125 0.0109375 0.03828125 
18 0.77734375 0.2625 0.00859375 0.0234375 
18 0.4578125 0.38359375 0.0109375 0.01171875 
18 0.475 0.37734375 0.0109375 0.02109375 
18 0.5046875 0.44296875 0.00546875 0.0109375 
7 0.45859375 0.39453125 0.01640625 0.009375 
7 0.49296875 0.390625 0.01796875 0.009375 
17 0.2671875 0.45390625 0.00703125 0.025 
19 0.30859375 0.4625 0.00546875 0.02109375 
17 0.69140625 0.4453125 0.00859375 0.02578125 
17 0.71484375 0.44296875 0.00703125 0.025 
19 0.83671875 0.39375 0.01640625 0.03984375 
19 0.7625 0.29140625 0.025 0.028125 
19 0.803125 0.259375 0.02578125 0.0265625 
