18 0.83125 0.26640625 0.0109375 0.03828125 
18 0.525 0.42265625 0.0109375 0.01953125 
18 0.2828125 0.34375 0.00859375 0.0265625 
18 0.384375 0.409375 0.00625 0.01484375 
18 0.384375 0.425 0.00625 0.01328125 
7 0.471875 0.36328125 0.01328125 0.0109375 
7 0.48828125 0.3609375 0.01328125 0.0109375 
17 0.6046875 0.44609375 0.00703125 0.02421875 
19 0.5875 0.44453125 0.0078125 0.02421875 
17 0.0421875 0.40625 0.01640625 0.04921875 
17 0.30078125 0.46171875 0.00703125 0.021875 
17 0.3703125 0.453125 0.00625 0.021875 
17 0.75 0.19375 0.04765625 0.13203125 
18 0.59375 0.41640625 0.009375 0.0203125 
17 0.38203125 0.4546875 0.00625 0.021875 
19 0.27265625 0.3578125 0.0171875 0.01953125 
19 0.29609375 0.37109375 0.01484375 0.01484375 
18 0.1453125 0.38046875 0.0078125 0.02421875 
19 0.0671875 0.45390625 0.0078125 0.02578125 
19 0.07890625 0.44921875 0.00546875 0.025 
19 0.81953125 0.3046875 0.01640625 0.021875 
19 0.84453125 0.28046875 0.01953125 0.02578125 
