18 0.0703125 0.36171875 0.00859375 0.025 
18 0.2109375 0.31953125 0.0109375 0.03125 
18 0.32578125 0.3953125 0.00703125 0.01640625 
18 0.32578125 0.4125 0.00625 0.0140625 
18 0.48828125 0.41171875 0.01171875 0.0203125 
18 0.56953125 0.40625 0.0109375 0.02578125 
18 0.85859375 0.23359375 0.01328125 0.03984375 
15 0.8796875 0.2515625 0.02578125 0.0296875 
15 0.8453125 0.278125 0.021875 0.0265625 
17 0.5828125 0.44296875 0.00703125 0.028125 
17 0.56328125 0.4390625 0.00859375 0.02890625 
7 0.45234375 0.33984375 0.02578125 0.009375 
7 0.42734375 0.34296875 0.01484375 0.01015625 
7 0.2265625 0.35078125 0.0171875 0.02109375 
7 0.19921875 0.33515625 0.02109375 0.01875 
17 0.321875 0.44765625 0.0078125 0.0265625 
17 0.3109375 0.4453125 0.0109375 0.02578125 
17 0.23203125 0.45546875 0.00703125 0.02421875 
