18 0.1703125 0.4015625 0.00625 0.025 
17 0.6515625 0.440625 0.00859375 0.0234375 
17 0.678125 0.440625 0.00859375 0.0234375 
18 0.403125 0.35703125 0.01171875 0.0234375 
18 0.38515625 0.3640625 0.01015625 0.0109375 
18 0.4375 0.434375 0.00546875 0.01015625 
18 0.778125 0.21796875 0.0125 0.02421875 
7 0.38359375 0.3765625 0.01953125 0.00859375 
7 0.42109375 0.3734375 0.021875 0.00859375 
19 0.15703125 0.4328125 0.00859375 0.0265625 
17 0.2078125 0.44609375 0.0078125 0.0265625 
7 0.75625 0.25 0.03046875 0.03515625 
7 0.81875 0.21484375 0.03984375 0.04453125 
