18 0.08125 0.08125 0.02421875 0.0546875 
18 0.29140625 0.3984375 0.00390625 0.0140625 
18 0.54375 0.371875 0.009375 0.01484375 
18 0.584375 0.4140625 0.0046875 0.01015625 
18 0.6 0.44921875 0.0046875 0.009375 
18 0.315625 0.46640625 0.0046875 0.01328125 
7 0.5203125 0.24453125 0.03828125 0.01796875 
7 0.5796875 0.240625 0.0375 0.0203125 
7 0.5296875 0.384375 0.0125 0.00703125 
7 0.559375 0.38203125 0.0140625 0.009375 
17 0.6390625 0.3703125 0.0109375 0.04609375 
17 0.23515625 0.4140625 0.01484375 0.0515625 
