18 0.8453125 0.36796875 0.0140625 0.03671875 
18 0.00703125 0.28046875 0.01328125 0.0453125 
19 0.02890625 0.29765625 0.02578125 0.0234375 
18 0.6484375 0.190625 0.028125 0.0484375 
18 0.78046875 0.32421875 0.01640625 0.0296875 
18 0.64453125 0.38828125 0.009375 0.01875 
18 0.84609375 0.36875 0.0125 0.03359375 
11 0.6109375 0.228125 0.04609375 0.0265625 
19 0.675 0.15625 0.03359375 0.03203125 
19 0.7609375 0.1734375 0.0296875 0.03046875 
19 0.81484375 0.1890625 0.02734375 0.0265625 
17 0.940625 0.3609375 0.0109375 0.059375 
