18 0.5390625 0.29921875 0.02421875 0.04453125 
18 0.45234375 0.33046875 0.00703125 0.0140625 
18 0.384375 0.26640625 0.01171875 0.0234375 
18 0.3671875 0.26171875 0.01171875 0.01875 
18 0.35546875 0.26796875 0.01015625 0.01953125 
18 0.31640625 0.30390625 0.00625 0.0109375 
18 0.3375 0.30546875 0.00703125 0.0140625 
18 0.253125 0.3078125 0.00625 0.01171875 
18 0.246875 0.309375 0.00546875 0.0109375 
7 0.34375 0.2765625 0.01328125 0.009375 
7 0.32578125 0.31171875 0.00703125 0.00625 
7 0.3046875 0.3125 0.0109375 0.0046875 
7 0.29140625 0.31015625 0.0109375 0.00546875 
7 0.2390625 0.31640625 0.00859375 0.00546875 
