18 0.88671875 0.2546875 0.01953125 0.03359375 
18 0.59296875 0.45078125 0.009375 0.01875 
7 0.87734375 0.009375 0.0578125 0.01875 
7 0.9125 0.24765625 0.02421875 0.01953125 
7 0.86484375 0.259375 0.02421875 0.02109375 
17 0.7625 0.43359375 0.00703125 0.025 
17 0.65078125 0.3671875 0.01796875 0.05625 
7 0.671875 0.36171875 0.02265625 0.01484375 
7 0.63046875 0.37109375 0.01171875 0.0109375 
7 0.3203125 0.4609375 0.0203125 0.01328125 
7 0.284375 0.49921875 0.01484375 0.009375 
7 0.25546875 0.503125 0.01640625 0.01015625 
18 0.2390625 0.50859375 0.0078125 0.0140625 
