18 0.41796875 0.41953125 0.01484375 0.0265625 
18 0.959375 0.32421875 0.03671875 0.08671875 
18 0.7890625 0.29453125 0.01015625 0.03984375 
18 0.36171875 0.4109375 0.0078125 0.01875 
18 0.45390625 0.5171875 0.0078125 0.015625 
18 0.5375 0.51328125 0.0328125 0.06171875 
17 0.86015625 0.3953125 0.0125 0.0609375 
15 0.75859375 0.309375 0.01796875 0.01953125 
19 0.46953125 0.38359375 0.01796875 0.08125 
17 0.459375 0.46640625 0.00703125 0.0296875 
19 0.4390625 0.46796875 0.00625 0.02578125 
11 0.28828125 0.25078125 0.05859375 0.0296875 
11 0.13515625 0.26875 0.053125 0.02890625 
11 0.3359375 0.41640625 0.01796875 0.01015625 
