19 0.7953125 0.42421875 0.0109375 0.05 
17 0.4578125 0.478125 0.00546875 0.025 
18 0.978125 0.46796875 0.009375 0.03203125 
18 0.8078125 0.39140625 0.028125 0.06171875 
18 0.74140625 0.33359375 0.00859375 0.034375 
18 0.45234375 0.521875 0.00859375 0.01484375 
18 0.36640625 0.4234375 0.00703125 0.01796875 
18 0.41796875 0.4265625 0.01484375 0.03125 
11 0.19921875 0.321875 0.04375 0.0234375 
11 0.32421875 0.31171875 0.04609375 0.0234375 
17 0.46640625 0.41953125 0.01328125 0.06171875 
11 0.34375 0.4265625 0.0171875 0.009375 
