18 0.7125 0.459375 0.06171875 0.1140625 
18 0.45546875 0.51640625 0.01640625 0.02890625 
18 0.48046875 0.428125 0.0125 0.0234375 
18 0.4875 0.54140625 0.01171875 0.02109375 
18 0.66640625 0.5203125 0.0125 0.02421875 
18 0.25390625 0.43828125 0.01328125 0.02421875 
18 0.3125 0.50859375 0.00859375 0.015625 
18 0.30234375 0.50703125 0.00859375 0.015625 
17 0.746875 0.3078125 0.028125 0.1265625 
17 0.7078125 0.30078125 0.01953125 0.1234375 
6 0.20078125 0.47109375 0.00703125 0.0046875 
6 0.22578125 0.47109375 0.00703125 0.0046875 
