18 0.52734375 0.0265625 0.0546875 0.053125 
18 0.73515625 0.24921875 0.015625 0.040625 
18 0.59375 0.38671875 0.01484375 0.0265625 
18 0.68203125 0.48828125 0.01171875 0.0234375 
18 0.53828125 0.49921875 0.00859375 0.01484375 
18 0.53828125 0.528125 0.00625 0.0109375 
18 0.57421875 0.49921875 0.00625 0.0109375 
18 0.575 0.51171875 0.00703125 0.01171875 
18 0.56328125 0.4109375 0.02421875 0.05390625 
6 0.44609375 0.02109375 0.08984375 0.03828125 
6 0.68046875 0.03125 0.08671875 0.0453125 
17 0.91953125 0.35 0.025 0.10546875 
17 0.85546875 0.48046875 0.00546875 0.03203125 
6 0.56171875 0.39296875 0.02421875 0.01171875 
