19 0.02890625 0.33515625 0.02578125 0.02578125 
19 0.0640625 0.3359375 0.02265625 0.021875 
19 0.47890625 0.478125 0.01015625 0.00703125 
19 0.496875 0.478125 0.01015625 0.00703125 
19 0.4890625 0.471875 0.01015625 0.00703125 
18 0.5296875 0.42421875 0.009375 0.01796875 
19 0.45078125 0.3453125 0.03046875 0.01484375 
19 0.5375 0.34609375 0.03046875 0.015625 
19 0.08671875 0.46875 0.00859375 0.03125 
19 0.1375 0.465625 0.00859375 0.046875 
19 0.7765625 0.4359375 0.009375 0.0515625 
19 0.95234375 0.4234375 0.0078125 0.0390625 
