18 0.04765625 0.19453125 0.02421875 0.07578125 
18 0.10234375 0.184375 0.01640625 0.05625 
19 0.0375 0.18828125 0.03828125 0.0484375 
19 0.81328125 0.053125 0.05 0.071875 
19 0.77109375 0.12578125 0.04296875 0.065625 
19 0.0765625 0.215625 0.03828125 0.0484375 
18 0.6546875 0.16875 0.03203125 0.06015625 
18 0.50703125 0.20703125 0.02734375 0.06328125 
18 0.61796875 0.5109375 0.01328125 0.02109375 
17 0.9734375 0.4515625 0.0109375 0.06953125 
7 0.4578125 0.20703125 0.05390625 0.03046875 
7 0.56015625 0.209375 0.05703125 0.025 
17 0.08671875 0.43515625 0.0125 0.059375 
19 0.1890625 0.465625 0.0125 0.05078125 
19 0.69140625 0.42890625 0.01171875 0.0640625 
