18 0.26484375 0.3234375 0.01015625 0.01875 
18 0.7578125 0.2203125 0.02890625 0.04609375 
18 0.90078125 0.3484375 0.01953125 0.034375 
18 0.88125 0.3609375 0.015625 0.03671875 
18 0.61171875 0.384375 0.00859375 0.0203125 
18 0.6609375 0.35 0.00859375 0.01640625 
18 0.01328125 0.29296875 0.01015625 0.0390625 
18 0.1453125 0.390625 0.01640625 0.0265625 
18 0.4921875 0.44375 0.01328125 0.01796875 
6 0.71640625 0.234375 0.03984375 0.02109375 
19 0.90859375 0.36171875 0.0125 0.059375 
19 0.00859375 0.3578125 0.0125 0.07109375 
