18 0.6 0.14921875 0.06484375 0.10078125 
18 0.49140625 0.29609375 0.03671875 0.0640625 
18 0.4171875 0.35078125 0.0140625 0.01796875 
18 0.44296875 0.33359375 0.00546875 0.00546875 
18 0.43125 0.34765625 0.003125 0.00859375 
18 0.44296875 0.40625 0.00625 0.01015625 
18 0.2984375 0.28671875 0.01328125 0.02578125 
18 0.28203125 0.303125 0.01796875 0.0234375 
19 0.25625 0.31328125 0.02734375 0.01328125 
19 0.34765625 0.30546875 0.02734375 0.01328125 
19 0.30234375 0.3421875 0.02109375 0.01171875 
19 0.34765625 0.33828125 0.02109375 0.01171875 
