18 0.5890625 0.22890625 0.0140625 0.0234375 
18 0.5734375 0.2265625 0.015625 0.03125 
18 0.56875 0.3859375 0.01484375 0.02578125 
18 0.4953125 0.29609375 0.02265625 0.03984375 
18 0.38984375 0.3015625 0.01171875 0.01875 
18 0.37109375 0.30078125 0.01171875 0.02421875 
18 0.41796875 0.396875 0.015625 0.025 
18 0.3609375 0.4078125 0.01484375 0.025 
18 0.32578125 0.42421875 0.00859375 0.015625 
18 0.24375 0.39453125 0.00859375 0.01484375 
18 0.21484375 0.37109375 0.01015625 0.01640625 
18 0.2046875 0.38203125 0.01015625 0.01796875 
18 0.18984375 0.359375 0.00859375 0.01484375 
