18 0.63203125 0.29296875 0.0109375 0.0203125 
18 0.5328125 0.228125 0.01953125 0.03515625 
18 0.2734375 0.33125 0.0078125 0.01875 
6 0.503125 0.25859375 0.0296875 0.015625 
19 0.56875 0.25625 0.02890625 0.0140625 
6 0.56875 0.25625 0.02890625 0.0140625 
6 0.525 0.3109375 0.01484375 0.0109375 
6 0.48671875 0.31171875 0.015625 0.01328125 
17 0.646875 0.36328125 0.01015625 0.034375 
11 0.5 0.32578125 0.01171875 0.00625 
11 0.484375 0.3546875 0.00859375 0.00546875 
11 0.51015625 0.35546875 0.00859375 0.00546875 
