18 0.5140625 0.0890625 0.03671875 0.0640625 
18 0.48046875 0.08515625 0.04609375 0.078125 
18 0.45625 0.08828125 0.046875 0.07421875 
18 0.4203125 0.1515625 0.01796875 0.03359375 
18 0.21953125 0.27890625 0.01484375 0.0265625 
18 0.20703125 0.3203125 0.00625 0.0109375 
18 0.2015625 0.31875 0.00625 0.01171875 
18 0.16015625 0.33046875 0.01015625 0.01875 
18 0.09921875 0.321875 0.00625 0.0109375 
18 0.0890625 0.32109375 0.00703125 0.01328125 
18 0.109375 0.37265625 0.00859375 0.01171875 
18 0.065625 0.371875 0.01015625 0.01328125 
19 0.203125 0.2875 0.01796875 0.01171875 
19 0.14765625 0.284375 0.01796875 0.0109375 
