18 0.96640625 0.1578125 0.040625 0.065625 
18 0.71484375 0.34140625 0.03125 0.05078125 
18 0.71484375 0.2859375 0.04140625 0.05390625 
18 0.56328125 0.35859375 0.01171875 0.0234375 
18 0.546875 0.34921875 0.01484375 0.03046875 
18 0.54765625 0.321875 0.01015625 0.01640625 
18 0.48125 0.36015625 0.00546875 0.0109375 
18 0.55546875 0.29921875 0.00859375 0.0140625 
6 0.4546875 0.2890625 0.01796875 0.0109375 
19 0.40390625 0.2921875 0.01640625 0.01171875 
19 0.54140625 0.375 0.00390625 0.0203125 
19 0.47265625 0.36171875 0.00625 0.00390625 
19 0.4890625 0.3625 0.00703125 0.00625 
19 0.48828125 0.38515625 0.0046875 0.00546875 
19 0.49921875 0.38359375 0.00546875 0.00390625 
