18 0.421875 0.33828125 0.015625 0.0296875 
18 0.43671875 0.25234375 0.015625 0.02890625 
18 0.5359375 0.0890625 0.02578125 0.05078125 
18 0.49765625 0.38359375 0.01171875 0.0234375 
18 0.51328125 0.421875 0.01171875 0.01484375 
18 0.54765625 0.38671875 0.01328125 0.03125 
18 0.7484375 0.2578125 0.021875 0.0546875 
18 0.7515625 0.30546875 0.0203125 0.0359375 
6 0.446875 0.10859375 0.06484375 0.03359375 
6 0.621875 0.1015625 0.06484375 0.03359375 
6 0.3984375 0.346875 0.01640625 0.01015625 
6 0.44453125 0.34453125 0.01640625 0.01015625 
