18 0.29609375 0.0890625 0.03515625 0.059375 
18 0.40703125 0.21640625 0.015625 0.0234375 
18 0.43828125 0.25078125 0.01171875 0.01875 
18 0.48359375 0.30625 0.01015625 0.01796875 
18 0.0171875 0.35703125 0.01171875 0.0234375 
7 0.24609375 0.14296875 0.05234375 0.03203125 
7 0.359375 0.11953125 0.05390625 0.03203125 
7 0.3796875 0.24453125 0.02421875 0.0140625 
7 0.43125 0.2390625 0.02421875 0.0140625 
17 0.128125 0.3625 0.00859375 0.0359375 
17 0.5421875 0.31875 0.0046875 0.01875 
19 0.47265625 0.35546875 0.0125 0.00703125 
19 0.44609375 0.36015625 0.0125 0.00703125 
