18 0.8640625 0.09765625 0.05625 0.10625 
18 0.42890625 0.22578125 0.025 0.034375 
18 0.3109375 0.2078125 0.025 0.03828125 
18 0.4546875 0.34140625 0.0203125 0.03671875 
18 0.50859375 0.35625 0.01015625 0.01640625 
18 0.85859375 0.021875 0.0578125 0.04375 
7 0.35546875 0.24609375 0.0421875 0.0203125 
7 0.2734375 0.25078125 0.0390625 0.021875 
19 0.396875 0.3765625 0.01015625 0.00859375 
19 0.42734375 0.37578125 0.01171875 0.00546875 
17 0.49375 0.35859375 0.01015625 0.03046875 
17 0.809375 0.23046875 0.0296875 0.12421875 
