18 0.503125 0.215625 0.0171875 0.05625 
18 0.3171875 0.25078125 0.01796875 0.03125 
18 0.02421875 0.13125 0.01171875 0.0359375 
18 0.0265625 0.15703125 0.0109375 0.03203125 
15 0.28203125 0.26484375 0.02734375 0.021875 
6 0.33984375 0.29453125 0.02890625 0.02421875 
17 0.02265625 0.27734375 0.01171875 0.03984375 
17 0.3875 0.41875 0.01015625 0.03671875 
17 0.4015625 0.43125 0.01015625 0.028125 
15 0.47265625 0.240625 0.03125 0.03125 
15 0.528125 0.215625 0.04140625 0.03828125 
17 0.63125 0.4078125 0.03046875 0.11171875 
