18 0.7359375 0.11328125 0.03828125 0.06171875 
18 0.52109375 0.18828125 0.015625 0.028125 
18 0.6484375 0.4015625 0.01015625 0.01875 
18 0.14765625 0.37265625 0.01015625 0.01953125 
16 0.71171875 0.38203125 0.009375 0.04453125 
6 0.6109375 0.246875 0.0375 0.01796875 
6 0.534375 0.24921875 0.0375 0.01796875 
6 0.553125 0.1390625 0.05859375 0.0234375 
6 0.678125 0.13671875 0.05859375 0.0234375 
19 0.15390625 0.4140625 0.01015625 0.046875 
19 0.5546875 0.40390625 0.00859375 0.00703125 
19 0.50546875 0.40078125 0.00859375 0.00703125 
