18 0.946875 0.0921875 0.0546875 0.09921875 
18 0.98046875 0.09296875 0.0390625 0.0921875 
18 0.7296875 0.34921875 0.02109375 0.040625 
18 0.7296875 0.3953125 0.01953125 0.04296875 
18 0.6578125 0.428125 0.01484375 0.0265625 
18 0.609375 0.4140625 0.00859375 0.0140625 
18 0.646875 0.27109375 0.0171875 0.0453125 
18 0.5859375 0.396875 0.00546875 0.009375 
18 0.5734375 0.41953125 0.00390625 0.00625 
18 0.5734375 0.42890625 0.00546875 0.00859375 
6 0.55078125 0.30390625 0.03125 0.015625 
6 0.61875 0.303125 0.028125 0.01328125 
6 0.51484375 0.38359375 0.01328125 0.00703125 
6 0.5578125 0.3828125 0.0140625 0.00859375 
6 0.52109375 0.396875 0.009375 0.00546875 
6 0.54609375 0.39921875 0.01171875 0.00546875 
