18 0.01328125 0.1609375 0.00859375 0.0453125 
18 0.0390625 0.2 0.0109375 0.05 
18 0.13984375 0.3796875 0.015625 0.03125 
18 0.6609375 0.25546875 0.02265625 0.04140625 
18 0.74765625 0.27578125 0.021875 0.0390625 
18 0.87109375 0.41484375 0.01015625 0.0296875 
17 0.0359375 0.3671875 0.01328125 0.05625 
17 0.27265625 0.41015625 0.009375 0.0484375 
7 0.621875 0.28203125 0.0359375 0.0203125 
7 0.69765625 0.28203125 0.03984375 0.021875 
19 0.83125 0.409375 0.009375 0.05 
19 0.028125 0.2046875 0.01484375 0.021875 
19 0.00859375 0.19140625 0.01640625 0.025 
