18 0.4453125 0.33828125 0.01875 0.03203125 
18 0.46171875 0.4484375 0.01328125 0.021875 
18 0.2015625 0.325 0.00859375 0.028125 
7 0.421875 0.35703125 0.02734375 0.01796875 
17 0.6640625 0.43671875 0.00859375 0.03828125 
19 0.13203125 0.453125 0.01015625 0.03828125 
18 0.43125 0.39140625 0.00703125 0.01328125 
18 0.3875 0.459375 0.0046875 0.00859375 
18 0.3875 0.46796875 0.00390625 0.00625 
18 0.75546875 0.27578125 0.0140625 0.04296875 
19 0.765625 0.275 0.01796875 0.02421875 
19 0.74453125 0.29609375 0.01796875 0.02421875 
19 0.19453125 0.346875 0.01328125 0.0203125 
