18 0.44609375 0.33671875 0.01484375 0.034375 
18 0.43046875 0.38984375 0.00703125 0.01328125 
18 0.46171875 0.44609375 0.01015625 0.01796875 
18 0.38671875 0.45703125 0.00546875 0.009375 
18 0.38671875 0.4671875 0.00546875 0.00859375 
18 0.7546875 0.275 0.015625 0.03671875 
18 0.2015625 0.32578125 0.00859375 0.03125 
7 0.42109375 0.35625 0.028125 0.015625 
17 0.6640625 0.43203125 0.00859375 0.03671875 
17 0.13203125 0.45078125 0.01015625 0.0390625 
15 0.19453125 0.34453125 0.01328125 0.0203125 
15 0.7625 0.27265625 0.01953125 0.025 
15 0.7453125 0.29375 0.0171875 0.0203125 
