18 0.47734375 0.26640625 0.00703125 0.0203125 
18 0.5515625 0.2625 0.0078125 0.0140625 
18 0.50078125 0.25703125 0.00859375 0.01328125 
18 0.525 0.30703125 0.00546875 0.01171875 
18 0.6171875 0.32890625 0.00703125 0.01171875 
18 0.6171875 0.315625 0.00546875 0.01015625 
7 0.628125 0.03359375 0.07734375 0.040625 
6 0.5234375 0.26875 0.021875 0.015625 
6 0.578125 0.26953125 0.021875 0.01328125 
17 0.934375 0.2625 0.02109375 0.08984375 
6 0.46328125 0.2734375 0.01328125 0.00859375 
6 0.48984375 0.271875 0.01015625 0.0109375 
