18 0.890625 0.10859375 0.040625 0.07578125 
18 0.64921875 0.33046875 0.01484375 0.025 
18 0.52265625 0.3625 0.01015625 0.01953125 
18 0.5953125 0.39375 0.00859375 0.01640625 
18 0.5828125 0.415625 0.00703125 0.01328125 
18 0.5734375 0.41171875 0.00625 0.0109375 
18 0.578125 0.371875 0.00703125 0.0140625 
18 0.5546875 0.42734375 0.00859375 0.0140625 
16 0.51171875 0.146875 0.0296875 0.025 
16 0.63515625 0.134375 0.028125 0.021875 
7 0.509375 0.2859375 0.02421875 0.01875 
7 0.55703125 0.2859375 0.021875 0.015625 
7 0.50625 0.37734375 0.01171875 0.00703125 
7 0.540625 0.3734375 0.01171875 0.009375 
